84074
84071
84038
84037
84036
84034
84032
84031
84028
84027
84021
83955
83943
83907
83906
83885
83865
83849
83800
83792
83779
83775
83759
83680
83676
83673
83660
83652
83651
83515
83492
83451
83387
83252
83162
83160
83080
83068
83026
82867
82829
82772
82769
82621
82548
82533
82390
82388
82375
82373
82283
82282
82263
82262
82259
82223
81948
81947
81944
81943
81794
81778
81775
81774
81741
81730
81729
81625
81592
81591
81559
81486
81484
81327
81326
81299
81279
81278
81252
81239
81195
81194
81191
81176
81159
81124
81062
81048
80933
80923
80704
80504
80479
80451
80426
80357
80354
80353
80311
80259
80236
80229
80226
80186
80139
80137
80059
79872
79828
79827
79722
79514
79470
79208
79138
79137
79127
79121
79119
79118
79075
79069
79012
79004
78969
78965
78964
78962
78946
78942
78940
78933
78901
78899
78898
78876
78875
78873
78872
78834
78798
78796
78791
78744
78737
78724
78703
78692
78677
78676
78674
78669
78667
78576
78466
78458
78448
78372
78341
78329
