93706
93698
93684
93642
93608
93602
93533
93453
93387
93382
93380
93260
93196
93091
93085
92971
92900
92893
92714
92665
92652
92534
92533
92471
92427
92340
92307
92305
92267
92151
92150
92140
92014
92006
91960
91907
91901
91897
91836
91835
91825
91824
91803
91598
91548
91525
91457
91248
90960
90894
90798
90796
90704
90565
90539
90447
90350
90317
90265
90264
90240
90222
90171
90150
90148
90076
89840
89770
89475
89423
89247
89165
89164
89117
89058
88983
88981
88980
88876
88875
88741
88692
88613
88592
88580
88513
88472
88455
88453
88426
88395
88367
88365
88348
88325
88296
88270
88247
88066
88065
88062
88057
88056
88022
88021
87856
87788
87679
87674
87656
87628
87626
87624
87587
87572
87571
87570
87567
87565
87534
87516
87515
87456
87419
87318
87291
87279
87278
87238
87230
87229
87135
87130
87115
87105
87090
87079
87073
87071
87016
87003
87001
86978
86977
86972
86965
86948
86808
86807
86783
86782
86781
86749
86743
86735
86733
86719
86702
86672
86671
86600
86494
86473
86466
86446
86332
86278
86266
86265
86216
86212
86196
85983
85981
85939
85795
85614
85591
85584
85581
85555
85550
85548
85537
85535
85425
85424
85421
85406
85405
85398
85391
85384
85382
85380
85378
85372
85322
85278
85245
85235
85233
85200
85198
85188
85129
84978
84969
84968
84967
84945
84933
84929
84924
84905
84862
84855
84846
84809
84800
84799
84796
84794
84780
84768
84761
84740
84736
84725
84711
84708
84697
84696
84694
84693
84672
84649
84646
84643
84641
84583
84575
84574
84573
84572
84571
84569
84564
84563
84550
84538
84536
84530
84522
84519
84512
84511
84501
84493
84492
84488
84473
84420
84407
84377
84375
84374
84352
84336
84325
84319
84302
84296
84074
84071
84038
84037
84036
84034
84032
84031
84028
84027
84021
83955
83943
83907
83906
83885
83865
83849
83800
83792
83779
83775
83759
83680
83676
83673
83660
83652
83651
83515
83492
83451
83387
83252
83162
83160
83080
83068
83026
82867
82829
82772
82769
82621
82548
82533
82390
82388
82375
82373
82283
82282
82263
82262
82259
82223
81948
81947
81944
81943
81794
81778
81775
81774
81741
81730
81729
81625
81592
81591
81559
81486
81484
81327
81326
81299
81279
81278
81252
81239
81195
81194
81191
81176
81159
81124
81062
81048
80933
80923
80704
80504
80479
80451
80426
80357
80354
80353
80311
80259
80236
80229
80226
80186
80139
80137
80059
79872
79828
79827
79722
79514
79470
79208
79138
79137
79127
79121
79119
79118
79075
79069
79012
79004
78969
78965
78964
78962
78946
78942
78940
78933
78901
78899
78898
78876
78875
78873
78872
78834
78798
78796
78791
78744
78737
78724
78703
78692
78677
78676
78674
78669
78667
78576
78466
78458
78448
78372
78341
78329
78272
78210
78208
78190
78167
78166
78152
77998
77951
77948
77946
77933
77932
77930
77894
77861
77860
77859
77838
77684
77680
77659
77628
77622
77608
77599
77582
77527
77522
77465
77458
77413
77363
77359
77313
77231
77069
77005
76994
76988
76881
76869
76834
76816
76775
76768
76748
76660
76562
76537
76536
76400
76380
76358
76307
76290
76035
76011
75897
75894
75885
75834
75812
75717
75604
75593
75591
75567
75564
75562
75505
75317
75315
75176
75174
75130
75088
75087
75054
74995
74944
74943
74940
74939
74938
74936
74918
74903
74827
74821
74730
74729
74598
74596
74589
74573
74568
74567
74533
74514
74511
74509
74496
74477
74462
74448
74428
74367
74365
74302
74259
74192
74125
74075
74015
74012
74011
73962
73961
73944
73904
73880
73879
73770
73766
73700
73694
73672
73663
73662
73600
73590
73574
73573
73549
73536
73535
73479
73470
73366
73342
73338
73331
73311
73304
73293
73237
73128
73067
72972
72949
72919
72875
72873
72869
72868
72866
72815
72807
72754
72753
72747
72718
72713
72701
72654
72652
72648
72641
72639
72635
72634
72576
72569
72567
72531
72530
72518
72509
72505
72461
72459
72444
72423
72399
72344
72341
72328
72311
72310
72297
72242
72117
72055
72051
72045
71977
71889
71867
71866
71861
71860
71858
71817
71735
71709
71554
71524
71492
71489
71450
71360
71355
71347
71299
71297
71236
71224
71205
71192
71175
71173
71129
71123
71110
70945
70944
70919
70916
70840
70811
70750
70738
70736
70713
70535
70534
70443
70440
70392
70388
70385
70384
70381
70297
70275
70148
70137
70135
70132
70060
70057
70047
70044
70010
69996
69993
69978
69973
69935
69885
69822
69797
69796
69788
69753
69744
69741
69707
69586
69585
69543
69529
69466
69370
69369
69359
69224
69210
69205
69184
69169
69166
69114
69099
69095
68965
68826
68823
68772
68770
68769
68742
68741
68737
68736
68713
68565
68563
68399
68273
68223
68219
68191
68126
67688
67675
67583
67416
67410
67267
67265
67255
67183
67082
66889
66779
66715
66689
66684
66648
66606
66528
66522
66508
66491
66431
66397
66396
66392
66318
66106
65949
65911
65779
65764
65721
65667
65610
65562
65533
65514
65498
65431
65426
65383
65276
65270
65039
65008
64991
64919
64914
64886
64857
64724
64666
64653
64638
64594
64525
64490
64440
64410
64392
64360
64208
64155
64133
64117
64092
64068
64044
64042
64034
64031
63982
63919
63900
63846
63789
63776
63764
63472
63427
63298
63124
63122
63102
63100
63001
62859
62844
62790
62787
62781
62778
62772
62769
62768
62767
62654
62493
62461
62459
62457
62453
62419
62399
62396
62313
62259
62243
62216
62105
62087
61920
61858
61843
61719
61655
61613
61607
61566
61396
61274
61269
61217
61199
61164
61083
61053
60876
60794
60722
60446
60323
60308
60161
60159
60009
59895
59893
59722
59563
59547
59508
59341
59323
59318
59125
59080
58891
58890
58864
58695
58626
58505
58458
58437
58401
58390
58383
58332
58318
58316
58314
58290
58265
58264
58199
58183
58151
