66684
66648
66606
66528
66522
66508
66491
66431
66397
66396
66392
66318
66106
65949
65911
65779
65764
65721
65667
65610
65562
65533
65514
65498
65431
65426
65383
65276
65270
65039
65008
64991
64919
64914
64886
64857
64724
64666
64653
64638
64594
64525
64490
64440
64410
64392
64360
64208
64155
64133
64117
64092
64068
64044
64042
64034
64031
63982
63919
63900
63846
63789
63776
63764
63472
63427
63298
63124
63122
63102
63100
63001
62859
62844
62790
62787
62781
62778
62772
62769
62768
62767
62654
62493
62461
62459
62457
62453
62419
62399
62396
62313
62259
62243
62216
62105
62087
61920
61858
61843
61719
61655
61613
61607
61566
61396
61274
61269
61217
61199
61164
61083
61053
60876
60794
60722
60446
60323
60308
60161
60159
60009
59895
59893
59722
59563
59547
59508
59341
59323
59318
59125
59080
58891
58890
58864
58695
58626
58505
58458
58437
58401
58390
58383
58332
58318
58316
58314
58290
58265
58264
58199
58183
58151
