72807
72754
72753
72747
72718
72713
72701
72654
72652
72648
72641
72639
72635
72634
72576
72569
72567
72531
72530
72518
72509
72505
72461
72459
72444
72423
72399
72344
72341
72328
72311
72310
72297
72242
72117
72055
72051
72045
71977
71889
71867
71866
71861
71860
71858
71817
71735
71709
71554
71524
71492
71489
71450
71360
71355
71347
71299
71297
71236
71224
71205
71192
71175
71173
71129
71123
71110
70945
70944
70919
70916
70840
70811
70750
70738
70736
70713
70535
70534
70443
70440
70392
70388
70385
70384
70381
70297
70275
70148
70137
70135
70132
70060
70057
70047
70044
70010
69996
69993
69978
69973
69935
69885
69822
69797
69796
69788
69753
69744
69741
69707
69586
69585
69543
69529
69466
69370
69369
69359
69224
69210
69205
69184
69169
69166
69114
69099
69095
68965
68826
68823
68772
68770
68769
68742
68741
68737
68736
68713
68565
68563
68399
68273
68223
68219
68191
68126
67688
67675
67583
67416
67410
67267
67265
67255
67183
67082
66889
66779
66715
66689
