88613
88592
88580
88513
88472
88455
88453
88426
88395
88367
88365
88348
88325
88296
88270
88247
88066
88065
88062
88057
88056
88022
88021
87856
87788
87679
87674
87656
87628
87626
87624
87587
87572
87571
87570
87567
87565
87534
87516
87515
87456
87419
87318
87291
87279
87278
87238
87230
87229
87135
87130
87115
87105
87090
87079
87073
87071
87016
87003
87001
86978
86977
86972
86965
86948
86808
86807
86783
86782
86781
86749
86743
86735
86733
86719
86702
86672
86671
86600
86494
86473
86466
86446
86332
86278
86266
86265
86216
86212
86196
85983
85981
85939
85795
85614
85591
85584
85581
85555
85550
85548
85537
85535
85425
85424
85421
85406
85405
85398
85391
85384
85382
85380
85378
85372
85322
85278
85245
85235
85233
85200
85198
85188
85129
84978
84969
84968
84967
84945
84933
84929
84924
84905
84862
84855
84846
84809
84800
84799
84796
84794
84780
84768
84761
84740
84736
84725
84711
84708
84697
84696
84694
84693
84672
84649
84646
84643
84641
84583
84575
84574
84573
84572
84571
84569
84564
84563
84550
84538
84536
84530
84522
84519
84512
84511
84501
84493
84492
84488
84473
84420
84407
84377
84375
84374
84352
84336
84325
84319
84302
84296
