78272
78210
78208
78190
78167
78166
78152
77998
77951
77948
77946
77933
77932
77930
77894
77861
77860
77859
77838
77684
77680
77659
77628
77622
77608
77599
77582
77527
77522
77465
77458
77413
77363
77359
77313
77231
77069
77005
76994
76988
76881
76869
76834
76816
76775
76768
76748
76660
76562
76537
76536
76400
76380
76358
76307
76290
76035
76011
75897
75894
75885
75834
75812
75717
75604
75593
75591
75567
75564
75562
75505
75317
75315
75176
75174
75130
75088
75087
75054
74995
74944
74943
74940
74939
74938
74936
74918
74903
74827
74821
74730
74729
74598
74596
74589
74573
74568
74567
74533
74514
74511
74509
74496
74477
74462
74448
74428
74367
74365
74302
74259
74192
74125
74075
74015
74012
74011
73962
73961
73944
73904
73880
73879
73770
73766
73700
73694
73672
73663
73662
73600
73590
73574
73573
73549
73536
73535
73479
73470
73366
73342
73338
73331
73311
73304
73293
73237
73128
73067
72972
72949
72919
72875
72873
72869
72868
72866
72815
