1667962 1667961
1667916 1667915
1667915 1667914
1667914 1667913
1667903 1667902
1667901 1667900
1667900 1667899
1667423 1667422
1667421 1667420
1667420 1667419
1667075 1667074
1667073 1667072
1666877 1666876
1666811 1666810
1666611 1666610
1666605 1666604
1666602 1666601
1666458 1666457
1666411 1666410
1666341 1666340
1665952 1665951
1664958 1664957
1664911 1664910
1664904 1664903
1664901 1664900
1664900 1664899
1664775 1664774
1664770 1664769
1664769 1664768
1664471 1664470
1664467 1664466
1664451 1664450
1664447 1664446
1664406 1664405
1664074 1664073
1648830 1648829
1646893 1646892
1646892 1646891
1646891 1646890
1642159 1642158
1634615 1634614
1626658 1626657
1626564 1626563
1626561 1626560
1625247 1625246
1625175 1625174
1625173 1625172
1621593 1621592
1619438 1619437
1618843 1618842
1613114 1613113
1613086 1613085
1611517 1611516
1611515 1611514
1611466 1611465
1611193 1611192
1611184 1611183
1611125 1611124
1611120 1611119
1611117 1611116
1611110 1611109
1611107 1611106
1611050 1611049
1611046 1611045
1611023 1611022
1611004 1611003
1610854 1610853
1608974 1608973
1605767 1605766
1605104 1605103
1604598 1604597
1604597 1604596
1604596 1604595
1604590 1604589
1597803 1597802
1597797 1597796
1595549 1595548
1594729 1594728
1594727 1594726
1594708 1594707
1594684 1594683
1593680 1593679
1593615 1593614
1593614 1593613
1593611 1593610
1590663 1590662
1590624 1590623
1589982 1589981
1588937 1588936
1588878 1588877
1587545 1587544
1587543 1587542
1587066 1587065
1587063 1587062
1587045 1587044
1578420 1578419
1575509 1575508
1575340 1575339
1571894 1571893
1567758 1567757
1567722 1567721
1561555 1561554
1561394 1561393
1561384 1561383
1561361 1561360
1561356 1561355
1561347 1561346
1561321 1561320
1561265 1561264
1561260 1561259
1561209 1561208
1561040 1561039
1559975 1559974
1559873 1559872
1559408 1559407
1559382 1559381
1559376 1559375
1559345 1559344
1559343 1559342
1558905 1558904
1558898 1558897
1557720 1557719
1555197 1555196
1552852 1552851
1552849 1552848
1552846 1552845
1551659 1551658
1551650 1551649
1550907 1550906
1548575 1548574
1545279 1545278
1544846 1544845
1543399 1543398
1543056 1543055
1543033 1543032
1542779 1542778
1542728 1542727
1542601 1542600
1541744 1541743
1541666 1541665
1541655 1541654
1541486 1541485
1541061 1541060
1541054 1541053
1539603 1539602
1539456 1539455
1539455 1539454
1539389 1539388
1539374 1539373
1538171 1538170
1538168 1538167
1536770 1536769
1536769 1536768
1536744 1536743
1536168 1536167
1535157 1535156
1535027 1535026
1534882 1534881
1534873 1534872
1534865 1534864
1534266 1534265
1533979 1533978
1533975 1533974
1533111 1533110
1533104 1533103
1532022 1532021
1531884 1531883
1531768 1531767
1531554 1531553
1531533 1531532
1531098 1531097
1531009 1531008
1530988 1530987
1530800 1530799
1530786 1530785
1529668 1529667
1529554 1529553
1529521 1529520
1529515 1529514
1529495 1529494
1529494 1529493
1529488 1529487
1528898 1528897
1528867 1528866
1528828 1528827
1528824 1528823
1528809 1528808
1528797 1528796
1528690 1528689
1527540 1527539
1524031 1524030
1524014 1524013
1523853 1523852
1523845 1523844
1523844 1523843
1523615 1523614
1523613 1523612
1523604 1523603
1523521 1523520
1523505 1523504
1523484 1523483
1523479 1523478
1523384 1523383
1523355 1523354
1523277 1523276
1522659 1522658
1522649 1522648
1521957 1521956
1521461 1521460
1520879 1520878
1520813 1520812
1520293 1520292
1518771 1518770
1518767 1518766
1518749 1518748
1518206 1518205
1518029 1518028
1518026 1518025
1517968 1517967
1517944 1517943
1516901 1516900
1516871 1516870
1516863 1516862
1516842 1516841
1516839 1516838
1516674 1516673
1516618 1516617
1516603 1516602
1516542 1516541
1516541 1516540
1516261 1516260
1510354 1510353
1508903 1508902
1502804 1502803
1496407 1496406
1495889 1495888
1495887 1495886
1493731 1493730
1493715 1493714
1490698 1490697
1490588 1490587
1490248 1490247
1489520 1489519
1489517 1489516
1487796 1487795
1487119 1487118
1486495 1486494
1486494 1486493
1486493 1486492
1485604 1485603
1484271 1484270
1481265 1481264
1481262 1481261
1481186 1481185
1481066 1481065
1480863 1480862
1480862 1480861
1480854 1480853
1480851 1480850
1480067 1480066
1479853 1479852
1479836 1479835
1478954 1478953
1478934 1478933
1478905 1478904
1477871 1477870
1476533 1476532
1470348 1470347
1470186 1470185
1462813 1462812
1462772 1462771
1462769 1462768
1462738 1462737
1462559 1462558
1462462 1462461
1462224 1462223
1462219 1462218
1460405 1460404
1460399 1460398
1460375 1460374
1460244 1460243
1460243 1460242
1460241 1460240
1460186 1460185
1460185 1460184
1460184 1460183
1460183 1460182
1460182 1460181
1460180 1460179
1460179 1460178
1459994 1459993
1456418 1456417
1449568 1449567
1449314 1449313
1449308 1449307
1442903 1442902
1441742 1441741
1438960 1438959
1438959 1438958
1438958 1438957
1438957 1438956
1438940 1438939
1437607 1437606
1437109 1437108
1436667 1436666
1435605 1435604
1434976 1434975
1434971 1434970
1434941 1434940
1434929 1434928
1434858 1434857
1430410 1430409
1426448 1426447
1426442 1426441
1425356 1425355
1422413 1422412
1420109 1420108
1420106 1420105
1412328 1412327
1406690 1406689
1406088 1406087
1405985 1405984
1405402 1405401
1402907 1402906
1402903 1402902
1402900 1402899
1402899 1402898
1402897 1402896
1402870 1402869
1402868 1402867
1400200 1400199
1394552 1394551
1391193 1391192
1390539 1390538
1390526 1390525
1390477 1390476
1390461 1390460
1389169 1389168
1389154 1389153
1389131 1389130
1389126 1389125
1389077 1389076
1384764 1384763
1382174 1382173
1376957 1376956
1372849 1372848
1372551 1372550
1372197 1372196
1372093 1372092
1372085 1372084
1372022 1372021
1372018 1372017
1371923 1371922
1371919 1371918
1371817 1371816
1371811 1371810
1370626 1370625
1370494 1370493
1369681 1369680
1368819 1368818
1367943 1367942
1367050 1367049
1363624 1363623
1363168 1363167
1363076 1363075
1362892 1362891
1362255 1362254
1362252 1362251
1362248 1362247
1362241 1362240
1361811 1361810
1358480 1358479
1358295 1358294
1357979 1357978
1357968 1357967
1357966 1357965
1357957 1357956
1357780 1357779
1357772 1357771
1357761 1357760
1346865 1346864
1346860 1346859
1343243 1343242
1343233 1343232
1341196 1341195
1341193 1341192
1340470 1340469
1340288 1340287
1340286 1340285
1333282 1333281
1333274 1333273
1333202 1333201
1327636 1327635
1325955 1325954
1325944 1325943
1309379 1309378
1309376 1309375
1309344 1309343
1309336 1309335
1309332 1309331
1308950 1308949
1308938 1308937
1308923 1308922
1308910 1308909
1308329 1308328
1308318 1308317
1308131 1308130
1308127 1308126
1308087 1308086
1295535 1295534
1240472 1240471
1237507 1237506
1237208 1237207
1237078 1237077
1236970 1236969
1236967 1236966
1236642 1236641
1235047 1235046
1234474 1234473
1232320 1232319
1231858 1231857
1231605 1231604
1220395 1220394
1214516 1214515
1213382 1213381
1212119 1212118
1211987 1211986
1211928 1211927
1210524 1210523
1209490 1209489
1207704 1207703
1207680 1207679
1207679 1207678
1204008 1204007
1199072 1199071
1198923 1198922
1198921 1198920
1198860 1198859
1197393 1197392
1188920 1188919
1187994 1187993
1187984 1187983
1187932 1187931
1187914 1187913
1183698 1183697
1183693 1183692
1183689 1183688
1183688 1183687
1183686 1183685
1183685 1183684
1183683 1183682
1172825 1172824
1152852 1152851
1152847 1152846
1152309 1152308
1149692 1149691
1140899 1140898
1140897 1140896
1133587 1133586
1130274 1130273
1130270 1130269
1130269 1130268
1130218 1130217
1130019 1130018
1130003 1130002
1130002 1130001
1129809 1129808
1129433 1129432
1128947 1128946
1128885 1128884
1128838 1128837
1127649 1127648
1127648 1127647
1127053 1127052
1126207 1126206
1125545 1125544
1125527 1125526
1125522 1125521
1125507 1125506
1125475 1125474
1125472 1125471
1125444 1125443
1125417 1125416
1124997 1124996
1124983 1124982
1124326 1124325
1124322 1124321
1104503 1104502
1103382 1103381
1103367 1103366
1103310 1103309
1103258 1103257
1103206 1103205
1103203 1103202
1103115 1103114
1103091 1103090
1103070 1103069
1103066 1103065
1103046 1103045
1103041 1103040
1102995 1102994
1102992 1102991
1102987 1102986
1102980 1102979
1102978 1102977
1102687 1102686
1102149 1102148
1102145 1102144
1102138 1102137
1101905 1101904
1101903 1101902
1101175 1101174
1100848 1100847
1100846 1100845
1100438 1100437
1099348 1099347
1098904 1098903
1098805 1098804
1098596 1098595
1098292 1098291
1097798 1097797
1094141 1094140
1092026 1092025
1091851 1091850
1091757 1091756
1091498 1091497
1091274 1091273
1091243 1091242
1091211 1091210
1091205 1091204
1091161 1091160
1090918 1090917
1090896 1090895
1090885 1090884
1090884 1090883
1090664 1090663
1090093 1090092
1089699 1089698
1089694 1089693
1089528 1089527
1089438 1089437
1089433 1089432
1089428 1089427
1089424 1089423
1089129 1089128
1089031 1089030
1088352 1088351
1088325 1088324
1088103 1088102
1088039 1088038
1088023 1088022
1087184 1087183
1087183 1087182
1087027 1087026
1086937 1086936
1086790 1086789
1086789 1086788
1086695 1086694
1086692 1086691
1086679 1086678
1086666 1086665
1086633 1086632
1086631 1086630
1086627 1086626
1086579 1086578
1086125 1086124
1085985 1085984
1085978 1085977
1085976 1085975
1085974 1085973
1085937 1085936
1085660 1085659
1085655 1085654
1085525 1085524
1085473 1085472
1085469 1085468
1085462 1085461
1085351 1085350
1085350 1085349
1084848 1084847
1084759 1084758
1084688 1084687
1084681 1084680
1084662 1084661
1084659 1084658
1084650 1084649
1084621 1084620
1084541 1084540
1084046 1084045
1084016 1084015
1083975 1083974
1083931 1083930
1083852 1083851
1083590 1083589
1083586 1083585
1083532 1083531
1083242 1083241
1083227 1083226
1083183 1083182
1083178 1083177
1083177 1083176
1083170 1083169
1083169 1083168
1083038 1083037
1083030 1083029
1083023 1083022
1082963 1082962
1082798 1082797
1082390 1082389
1082345 1082344
1082344 1082343
1082177 1082176
1082171 1082170
1081495 1081494
1081462 1081461
1081409 1081408
1081120 1081119
1081027 1081026
1080928 1080927
1080404 1080403
1080403 1080402
1080280 1080279
1080271 1080270
1079901 1079900
1079872 1079871
1079621 1079620
1079613 1079612
1079562 1079561
1078977 1078976
1078963 1078962
1078845 1078844
1078744 1078743
1078737 1078736
1078658 1078657
1078655 1078654
1078631 1078630
1078619 1078618
1078617 1078616
1078559 1078558
1078507 1078506
1078205 1078204
1078199 1078198
1077882 1077881
1076916 1076915
1076915 1076914
1076133 1076132
1074899 1074898
1074876 1074875
1074817 1074816
1074811 1074810
1073198 1073197
1073142 1073141
1072937 1072936
1072165 1072164
1072159 1072158
1070855 1070854
1068870 1068869
1065258 1065257
1064429 1064428
1064276 1064275
1060659 1060658
1060104 1060103
1060010 1060009
1059987 1059986
1059353 1059352
1059351 1059350
1055657 1055656
1054672 1054671
1052788 1052787
1052783 1052782
1051230 1051229
1050644 1050643
1050391 1050390
1044447 1044446
1044440 1044439
1044432 1044431
1043533 1043532
1043503 1043502
1043393 1043392
1032383 1032382
1004302 1004301
1003785 1003784
1003784 1003783
1003783 1003782
1003781 1003780
1003491 1003490
1003338 1003337
1002105 1002104
1001685 1001684
1001074 1001073
1001073 1001072
1000850 1000849
998533 998532
995864 995863
995861 995860
991754 991753
991753 991752
991649 991648
991647 991646
990435 990434
990431 990430
989639 989638
989450 989449
989443 989442
987639 987638
983618 983617
983458 983457
983455 983454
983409 983408
983403 983402
983400 983399
983397 983396
982736 982735
982735 982734
982499 982498
982409 982408
982408 982407
982124 982123
982105 982104
982101 982100
982100 982099
982098 982097
982038 982037
982033 982032
982032 982031
981793 981792
981790 981789
981787 981786
981753 981752
981748 981747
980197 980196
979891 979890
979109 979108
979105 979104
979078 979077
979077 979076
979076 979075
979075 979074
979074 979073
965687 965686
960671 960670
960665 960664
956849 956848
955603 955602
951771 951770
951764 951763
951762 951761
950670 950669
950669 950668
949211 949210
949209 949208
947713 947712
947160 947159
939530 939529
939506 939505
938132 938131
936323 936322
936322 936321
936319 936318
936009 936008
933770 933769
933735 933734
933338 933337
933271 933270
932585 932584
932067 932066
931973 931972
931574 931573
931565 931564
931553 931552
931521 931520
931271 931270
931269 931268
931265 931264
930717 930716
930716 930715
930715 930714
930694 930693
930686 930685
930676 930675
930671 930670
930533 930532
930532 930531
930508 930507
930504 930503
930503 930502
930224 930223
929796 929795
929142 929141
929139 929138
929135 929134
929134 929133
929093 929092
929082 929081
929081 929080
929080 929079
929070 929069
929069 929068
925966 925965
925965 925964
925952 925951
925950 925949
923868 923867
923860 923859
923850 923849
923815 923814
923810 923809
923329 923328
923320 923319
923311 923310
922635 922634
922628 922627
922620 922619
920897 920896
920862 920861
920783 920782
917838 917837
917837 917836
917819 917818
917704 917703
917675 917674
915666 915665
915649 915648
910597 910596
910419 910418
908427 908426
907272 907271
906390 906389
906206 906205
905970 905969
905040 905039
902131 902130
902090 902089
902077 902076
902073 902072
901088 901087
901087 901086
900981 900980
900089 900088
899910 899909
899905 899904
896653 896652
896382 896381
